0.470000 0.580000 
0.467699 0.579461 
0.465488 0.578919 
0.463372 0.578376 
0.461353 0.577830 
0.459434 0.577283 
0.457616 0.576736 
0.455900 0.576188 
0.454285 0.575639 
0.452771 0.575092 
0.451354 0.574544 
0.450033 0.573998 
0.448803 0.573452 
0.447661 0.572908 
0.446603 0.572365 
0.445624 0.571824 
0.444720 0.571284 
0.443885 0.570746 
0.443116 0.570210 
0.442406 0.569675 
0.441753 0.569142 
0.441151 0.568611 
0.440596 0.568082 
0.440085 0.567555 
0.439613 0.567030 
0.439177 0.566506 
0.438775 0.565985 
0.438402 0.565465 
0.438056 0.564948 
0.437736 0.564432 
0.437437 0.563918 
0.437160 0.563406 
0.436900 0.562896 
0.436658 0.562388 
0.436430 0.561881 
0.436217 0.561377 
0.436016 0.560874 
0.435827 0.560373 
0.435648 0.559874 
0.435478 0.559377 
0.435317 0.558882 
0.435164 0.558389 
0.435019 0.557897 
0.434880 0.557408 
0.434747 0.556920 
0.434620 0.556434 
0.434498 0.555950 
0.434381 0.555468 
0.434269 0.554987 
0.434160 0.554508 
0.434056 0.554032 
0.433955 0.553557 
0.433858 0.553084 
0.433763 0.552612 
0.433672 0.552143 
0.433584 0.551675 
0.433498 0.551209 
0.433415 0.550745 
0.433335 0.550283 
0.433257 0.549823 
0.433181 0.549364 
0.433107 0.548908 
0.433035 0.548453 
0.432965 0.548000 
0.432898 0.547548 
0.432832 0.547099 
0.432768 0.546651 
0.432706 0.546205 
0.432645 0.545761 
0.432587 0.545319 
0.432529 0.544879 
0.432474 0.544440 
0.432420 0.544003 
0.432368 0.543568 
0.432317 0.543135 
0.432268 0.542703 
0.432220 0.542273 
0.432174 0.541845 
0.432129 0.541419 
0.432086 0.540995 
0.432044 0.540572 
0.432003 0.540151 
0.431964 0.539732 
0.431927 0.539315 
0.431890 0.538899 
0.431855 0.538485 
0.431822 0.538073 
0.431789 0.537663 
0.431758 0.537254 
0.431729 0.536848 
0.431700 0.536443 
0.431673 0.536039 
0.431648 0.535638 
0.431623 0.535238 
0.431600 0.534840 
0.431578 0.534443 
0.431558 0.534049 
0.431538 0.533656 
0.431520 0.533264 
0.431503 0.532875 
0.431488 0.532487 
0.431473 0.532101 
0.431460 0.531717 
0.431448 0.531334 
0.431438 0.530953 
0.431428 0.530574 
0.431420 0.530196 
0.431413 0.529820 
0.431408 0.529446 
0.431403 0.529074 
0.431400 0.528703 
0.431397 0.528334 
0.431396 0.527966 
0.431397 0.527601 
0.431398 0.527237 
0.431401 0.526874 
0.431404 0.526513 
0.431409 0.526154 
0.431415 0.525797 
0.431423 0.525441 
0.431431 0.525087 
0.431441 0.524735 
0.431451 0.524384 
0.431463 0.524035 
0.431476 0.523687 
0.431490 0.523341 
0.431506 0.522997 
0.431522 0.522654 
0.431540 0.522313 
0.431558 0.521974 
0.431578 0.521636 
0.431599 0.521300 
0.431621 0.520966 
0.431645 0.520633 
0.431669 0.520301 
0.431694 0.519972 
0.431721 0.519644 
0.431748 0.519317 
0.431777 0.518992 
0.431807 0.518669 
0.431838 0.518347 
0.431870 0.518027 
0.431903 0.517709 
0.431937 0.517392 
0.431973 0.517076 
0.432009 0.516762 
0.432046 0.516450 
0.432085 0.516140 
0.432125 0.515830 
0.432165 0.515523 
0.432207 0.515217 
0.432250 0.514913 
0.432294 0.514610 
0.432339 0.514308 
0.432384 0.514009 
0.432432 0.513710 
0.432480 0.513414 
0.432529 0.513119 
0.432579 0.512825 
0.432630 0.512533 
0.432682 0.512242 
0.432736 0.511953 
0.432790 0.511666 
0.432846 0.511380 
0.432902 0.511095 
0.432959 0.510812 
0.433018 0.510531 
0.433078 0.510251 
0.433138 0.509972 
0.433200 0.509695 
0.433262 0.509420 
0.433326 0.509146 
0.433391 0.508874 
0.433456 0.508603 
0.433523 0.508333 
0.433591 0.508065 
0.433659 0.507799 
0.433729 0.507533 
0.433800 0.507270 
0.433871 0.507008 
0.433944 0.506747 
0.434018 0.506488 
0.434093 0.506230 
0.434168 0.505974 
0.434245 0.505719 
0.434323 0.505466 
0.434401 0.505214 
0.434481 0.504963 
0.434562 0.504714 
0.434644 0.504467 
0.434726 0.504221 
0.434810 0.503976 
0.434895 0.503733 
0.434980 0.503491 
0.435067 0.503250 
0.435154 0.503011 
0.435243 0.502774 
0.435333 0.502538 
0.435423 0.502303 
0.435515 0.502069 
0.435607 0.501838 
0.435701 0.501607 
0.435795 0.501378 
0.435891 0.501150 
0.435987 0.500924 
0.436084 0.500699 
0.436183 0.500475 
0.436282 0.500253 
0.436382 0.500032 
0.436484 0.499813 
0.436586 0.499595 
0.436689 0.499378 
0.436793 0.499163 
0.436899 0.498949 
0.437005 0.498737 
0.437112 0.498526 
0.437220 0.498316 
0.437329 0.498108 
0.437439 0.497901 
0.437550 0.497695 
0.437662 0.497491 
0.437775 0.497288 
0.437889 0.497086 
0.438004 0.496886 
0.438120 0.496687 
0.438236 0.496489 
0.438354 0.496293 
0.438473 0.496098 
0.438593 0.495904 
0.438713 0.495712 
0.438835 0.495521 
0.438958 0.495332 
0.439081 0.495143 
0.439206 0.494956 
0.439331 0.494771 
0.439458 0.494586 
0.439585 0.494403 
0.439714 0.494222 
0.439843 0.494041 
0.439974 0.493862 
0.440105 0.493685 
0.440238 0.493508 
0.440371 0.493333 
0.440506 0.493159 
0.440641 0.492987 
0.440777 0.492815 
0.440915 0.492645 
0.441053 0.492477 
0.441192 0.492309 
0.441333 0.492143 
0.441474 0.491978 
0.441616 0.491815 
0.441760 0.491653 
0.441904 0.491492 
0.442049 0.491332 
0.442196 0.491173 
0.442343 0.491016 
0.442491 0.490860 
0.442641 0.490706 
0.442791 0.490552 
0.442942 0.490400 
0.443095 0.490249 
0.443248 0.490100 
0.443403 0.489951 
0.443558 0.489804 
0.443715 0.489659 
0.443872 0.489514 
0.444031 0.489371 
0.444190 0.489229 
0.444351 0.489088 
0.444513 0.488948 
0.444675 0.488810 
0.444839 0.488673 
0.445004 0.488537 
0.445170 0.488402 
0.445337 0.488269 
0.445505 0.488137 
0.445674 0.488006 
0.445844 0.487876 
0.446016 0.487748 
0.446188 0.487620 
0.446361 0.487494 
0.446536 0.487370 
0.446712 0.487246 
0.446888 0.487124 
0.447066 0.487002 
0.447245 0.486883 
0.447425 0.486764 
0.447607 0.486646 
0.447789 0.486530 
0.447972 0.486415 
0.448157 0.486301 
0.448343 0.486189 
0.448530 0.486077 
0.448718 0.485967 
0.448907 0.485858 
0.449097 0.485750 
0.449289 0.485643 
0.449482 0.485538 
0.449676 0.485434 
0.449871 0.485331 
0.450067 0.485229 
0.450265 0.485128 
0.450463 0.485029 
0.450663 0.484931 
0.450865 0.484834 
0.451067 0.484738 
0.451271 0.484643 
0.451476 0.484550 
0.451682 0.484457 
0.451889 0.484366 
0.452098 0.484276 
0.452308 0.484188 
0.452519 0.484100 
0.452732 0.484014 
0.452946 0.483929 
0.453161 0.483845 
0.453378 0.483762 
0.453596 0.483680 
0.453815 0.483600 
0.454036 0.483521 
0.454258 0.483443 
0.454481 0.483366 
0.454706 0.483290 
0.454932 0.483216 
0.455160 0.483142 
0.455389 0.483070 
0.455619 0.482999 
0.455851 0.482929 
0.456084 0.482861 
0.456319 0.482793 
0.456556 0.482727 
0.456793 0.482662 
0.457033 0.482598 
0.457273 0.482535 
0.457516 0.482474 
0.457760 0.482414 
0.458005 0.482354 
0.458252 0.482296 
0.458501 0.482240 
0.458751 0.482184 
0.459003 0.482130 
0.459256 0.482076 
0.459511 0.482024 
0.459768 0.481973 
0.460027 0.481924 
0.460287 0.481875 
0.460548 0.481828 
0.460812 0.481782 
0.461077 0.481737 
0.461344 0.481693 
0.461613 0.481650 
0.461884 0.481609 
0.462156 0.481569 
0.462430 0.481530 
0.462706 0.481492 
0.462984 0.481455 
0.463264 0.481420 
0.463546 0.481386 
0.463829 0.481353 
0.464115 0.481321 
0.464402 0.481290 
0.464691 0.481261 
0.464983 0.481233 
0.465276 0.481206 
0.465572 0.481180 
0.465869 0.481155 
0.466169 0.481132 
0.466471 0.481110 
0.466774 0.481089 
0.467080 0.481069 
0.467389 0.481051 
0.467699 0.481033 
0.468011 0.481017 
0.468326 0.481002 
0.468643 0.480989 
0.468962 0.480976 
0.469284 0.480965 
0.469608 0.480955 
0.469934 0.480947 
0.470263 0.480939 
0.470594 0.480933 
0.470927 0.480928 
0.471263 0.480924 
0.471602 0.480922 
0.471943 0.480921 
0.472286 0.480921 
0.472632 0.480922 
0.472981 0.480925 
0.473332 0.480929 
0.473686 0.480934 
0.474043 0.480940 
0.474402 0.480948 
0.474764 0.480957 
0.475129 0.480967 
0.475496 0.480979 
0.475867 0.480992 
0.476240 0.481006 
0.476616 0.481022 
0.476995 0.481038 
0.477377 0.481056 
0.477762 0.481076 
0.478150 0.481097 
0.478541 0.481119 
0.478935 0.481142 
0.479332 0.481167 
0.479732 0.481193 
0.480135 0.481221 
0.480542 0.481249 
0.480951 0.481279 
0.481364 0.481311 
0.481780 0.481344 
0.482200 0.481378 
0.482622 0.481414 
0.483049 0.481451 
0.483478 0.481489 
0.483911 0.481529 
0.484347 0.481570 
0.484787 0.481613 
0.485230 0.481657 
0.485677 0.481702 
0.486127 0.481749 
0.486581 0.481797 
0.487039 0.481847 
0.487500 0.481898 
0.487964 0.481951 
0.488432 0.482005 
0.488904 0.482060 
0.489380 0.482117 
0.489859 0.482176 
0.490342 0.482236 
0.490829 0.482297 
0.491320 0.482360 
0.491814 0.482424 
0.492312 0.482490 
0.492814 0.482557 
0.493319 0.482626 
0.493829 0.482697 
0.494342 0.482769 
0.494859 0.482842 
0.495379 0.482917 
0.495904 0.482994 
0.496432 0.483072 
0.496964 0.483151 
0.497500 0.483232 
0.498040 0.483315 
0.498583 0.483399 
0.499130 0.483485 
0.499681 0.483573 
0.500235 0.483662 
0.500793 0.483752 
0.501355 0.483844 
0.501920 0.483938 
0.502489 0.484033 
0.503061 0.484130 
0.503636 0.484229 
0.504215 0.484329 
0.504797 0.484431 
0.505383 0.484534 
0.505971 0.484639 
0.506563 0.484746 
0.507158 0.484854 
0.507756 0.484964 
0.508356 0.485075 
0.508959 0.485188 
0.509565 0.485303 
0.510174 0.485419 
0.510785 0.485537 
0.511398 0.485656 
0.512014 0.485778 
0.512631 0.485900 
0.513251 0.486024 
0.513872 0.486150 
0.514495 0.486278 
0.515119 0.486407 
0.515745 0.486538 
0.516372 0.486670 
0.517000 0.486804 
0.517629 0.486939 
0.518258 0.487076 
0.518888 0.487214 
0.519519 0.487354 
0.520149 0.487496 
0.520779 0.487639 
0.521409 0.487783 
0.522038 0.487929 
0.522667 0.488076 
0.523295 0.488225 
0.523921 0.488376 
0.524546 0.488527 
0.525169 0.488681 
0.525790 0.488835 
0.526410 0.488991 
0.527026 0.489148 
0.527641 0.489307 
0.528252 0.489467 
0.528860 0.489628 
0.529465 0.489791 
0.530066 0.489954 
0.530663 0.490119 
0.531256 0.490286 
0.531845 0.490453 
0.532429 0.490621 
0.533008 0.490791 
0.533582 0.490962 
0.534151 0.491133 
0.534714 0.491306 
0.535272 0.491480 
0.535823 0.491655 
0.536368 0.491830 
0.536907 0.492007 
0.537439 0.492185 
0.537964 0.492363 
0.538482 0.492542 
0.538993 0.492722 
0.539497 0.492903 
0.539993 0.493084 
0.540481 0.493267 
0.540961 0.493449 
0.541433 0.493633 
0.541897 0.493817 
0.542353 0.494001 
0.542800 0.494187 
0.543239 0.494372 
0.543669 0.494558 
0.544091 0.494745 
0.544503 0.494932 
0.544907 0.495119 
0.545302 0.495306 
0.545688 0.495494 
0.546065 0.495682 
0.546433 0.495871 
0.546792 0.496059 
0.547142 0.496248 
0.547483 0.496437 
0.547815 0.496626 
0.548138 0.496815 
0.548452 0.497004 
0.548758 0.497193 
0.549054 0.497382 
0.549341 0.497571 
0.549620 0.497760 
0.549890 0.497948 
0.550151 0.498137 
0.550403 0.498325 
0.550647 0.498514 
0.550883 0.498702 
0.551111 0.498890 
0.551330 0.499077 
0.551541 0.499264 
0.551744 0.499451 
0.551939 0.499638 
0.552126 0.499824 
0.552306 0.500010 
0.552478 0.500195 
0.552642 0.500380 
0.552799 0.500565 
0.552949 0.500749 
0.553092 0.500933 
0.553228 0.501116 
0.553357 0.501298 
0.553479 0.501480 
0.553594 0.501661 
0.553703 0.501842 
0.553806 0.502022 
0.553902 0.502202 
0.553992 0.502381 
0.554076 0.502559 
0.554154 0.502737 
0.554227 0.502914 
0.554294 0.503090 
0.554355 0.503266 
0.554410 0.503441 
0.554461 0.503615 
0.554506 0.503788 
0.554546 0.503960 
0.554581 0.504132 
0.554611 0.504303 
0.554636 0.504474 
0.554656 0.504643 
0.554672 0.504811 
0.554684 0.504979 
0.554690 0.505146 
0.554693 0.505312 
0.554691 0.505477 
0.554686 0.505642 
0.554676 0.505805 
0.554662 0.505968 
0.554644 0.506130 
0.554623 0.506290 
0.554597 0.506450 
0.554568 0.506609 
0.554536 0.506767 
0.554500 0.506924 
0.554460 0.507081 
0.554417 0.507236 
0.554371 0.507390 
0.554322 0.507544 
0.554269 0.507696 
0.554213 0.507847 
0.554155 0.507998 
0.554093 0.508147 
0.554028 0.508296 
0.553960 0.508444 
0.553890 0.508590 
0.553817 0.508736 
0.553741 0.508880 
0.553662 0.509024 
0.553581 0.509166 
0.553497 0.509308 
0.553410 0.509448 
0.553321 0.509588 
0.553230 0.509727 
0.553136 0.509864 
0.553040 0.510001 
0.552941 0.510136 
0.552840 0.510270 
0.552737 0.510404 
0.552631 0.510536 
0.552524 0.510667 
0.552414 0.510798 
0.552302 0.510927 
0.552187 0.511055 
0.552071 0.511182 
0.551953 0.511308 
0.551832 0.511434 
0.551710 0.511558 
0.551585 0.511680 
0.551459 0.511802 
0.551330 0.511923 
0.551200 0.512043 
0.551068 0.512162 
0.550934 0.512279 
0.550798 0.512396 
0.550660 0.512511 
0.550520 0.512626 
0.550378 0.512739 
0.550235 0.512852 
0.550090 0.512963 
0.549943 0.513073 
0.549794 0.513182 
0.549644 0.513290 
0.549491 0.513397 
0.549337 0.513503 
0.549182 0.513608 
0.549024 0.513711 
0.548865 0.513814 
0.548704 0.513916 
0.548542 0.514016 
0.548378 0.514116 
0.548212 0.514214 
0.548044 0.514311 
0.547875 0.514407 
0.547704 0.514502 
0.547532 0.514596 
0.547358 0.514689 
0.547182 0.514781 
0.547005 0.514872 
0.546826 0.514961 
0.546645 0.515050 
0.546463 0.515137 
0.546279 0.515224 
0.546094 0.515309 
0.545907 0.515393 
0.545718 0.515476 
0.545528 0.515558 
0.545336 0.515639 
0.545142 0.515719 
0.544947 0.515798 
0.544750 0.515876 
0.544552 0.515952 
0.544352 0.516028 
0.544151 0.516102 
0.543947 0.516175 
0.543742 0.516247 
0.543536 0.516318 
0.543328 0.516388 
0.543118 0.516457 
0.542907 0.516525 
0.542694 0.516591 
0.542479 0.516657 
0.542262 0.516721 
0.542044 0.516785 
0.541825 0.516847 
0.541603 0.516908 
0.541380 0.516968 
0.541156 0.517027 
0.540929 0.517085 
0.540701 0.517142 
0.540471 0.517197 
0.540239 0.517252 
0.540006 0.517305 
0.539771 0.517357 
0.539534 0.517408 
0.539296 0.517458 
0.539055 0.517507 
0.538813 0.517555 
0.538569 0.517602 
0.538324 0.517647 
0.538076 0.517692 
0.537827 0.517735 
0.537575 0.517777 
0.537322 0.517818 
0.537068 0.517858 
0.536811 0.517897 
0.536552 0.517934 
0.536291 0.517971 
0.536029 0.518006 
0.535765 0.518040 
0.535498 0.518074 
0.535230 0.518105 
0.534959 0.518136 
0.534687 0.518166 
0.534413 0.518195 
0.534137 0.518222 
0.533858 0.518248 
0.533578 0.518273 
0.533295 0.518297 
0.533010 0.518320 
0.532724 0.518342 
0.532435 0.518362 
0.532144 0.518381 
0.531851 0.518399 
0.531555 0.518416 
0.531258 0.518432 
0.530958 0.518447 
0.530656 0.518460 
0.530352 0.518473 
0.530045 0.518484 
0.529736 0.518494 
0.529425 0.518502 
0.529111 0.518510 
0.528795 0.518516 
0.528477 0.518521 
0.528156 0.518525 
0.527833 0.518528 
0.527507 0.518530 
0.527179 0.518530 
0.526848 0.518529 
0.526515 0.518527 
0.526179 0.518524 
0.525840 0.518519 
0.525499 0.518513 
0.525156 0.518506 
0.524809 0.518498 
0.524460 0.518489 
0.524109 0.518478 
0.523754 0.518466 
0.523397 0.518453 
0.523037 0.518439 
0.522674 0.518423 
0.522308 0.518406 
0.521940 0.518388 
0.521568 0.518368 
0.521194 0.518347 
0.520817 0.518325 
0.520436 0.518302 
0.520053 0.518278 
0.519667 0.518252 
0.519277 0.518224 
0.518885 0.518196 
0.518489 0.518166 
0.518090 0.518135 
0.517688 0.518103 
0.517283 0.518069 
0.516875 0.518034 
0.516464 0.517997 
0.516049 0.517960 
0.515631 0.517921 
0.515209 0.517880 
0.514784 0.517838 
0.514356 0.517795 
0.513925 0.517751 
0.513490 0.517705 
0.513051 0.517658 
0.512610 0.517609 
0.512164 0.517559 
0.511716 0.517508 
0.511263 0.517455 
0.510807 0.517401 
0.510348 0.517345 
0.509885 0.517288 
0.509419 0.517229 
0.508949 0.517170 
0.508475 0.517108 
0.507998 0.517046 
0.507517 0.516981 
0.507032 0.516916 
0.506544 0.516849 
0.506052 0.516780 
0.505556 0.516710 
0.505057 0.516639 
0.504554 0.516566 
0.504048 0.516491 
0.503538 0.516415 
0.503024 0.516338 
0.502507 0.516259 
0.501986 0.516178 
0.501461 0.516097 
0.500933 0.516013 
0.500402 0.515928 
0.499866 0.515842 
0.499328 0.515754 
0.498785 0.515664 
0.498240 0.515573 
0.497691 0.515480 
0.497138 0.515386 
0.496583 0.515291 
0.496024 0.515193 
0.495462 0.515095 
0.494896 0.514994 
0.494328 0.514893 
0.493756 0.514789 
0.493182 0.514684 
0.492605 0.514578 
0.492024 0.514470 
0.491442 0.514360 
0.490856 0.514249 
0.490268 0.514136 
0.489678 0.514022 
0.489085 0.513906 
0.488490 0.513788 
0.487893 0.513669 
0.487293 0.513549 
0.486692 0.513427 
0.486090 0.513303 
0.485485 0.513178 
0.484879 0.513051 
0.484272 0.512923 
0.483664 0.512793 
0.483055 0.512662 
0.482445 0.512530 
0.481834 0.512395 
0.481223 0.512260 
0.480611 0.512122 
0.479999 0.511984 
0.479388 0.511844 
0.478776 0.511702 
0.478165 0.511559 
0.477555 0.511415 
0.476946 0.511269 
0.476338 0.511122 
0.475731 0.510973 
0.475125 0.510823 
0.474521 0.510672 
0.473920 0.510519 
0.473320 0.510365 
0.472723 0.510210 
0.472128 0.510053 
0.471537 0.509895 
0.470948 0.509736 
0.470363 0.509576 
0.469781 0.509415 
0.469203 0.509252 
0.468630 0.509088 
0.468060 0.508924 
0.467495 0.508758 
0.466935 0.508591 
0.466379 0.508423 
0.465829 0.508254 
0.465285 0.508084 
0.464745 0.507913 
0.464212 0.507741 
0.463685 0.507568 
0.463164 0.507394 
0.462649 0.507219 
0.462141 0.507044 
0.461640 0.506868 
0.461145 0.506691 
0.460658 0.506513 
0.460178 0.506335 
0.459706 0.506156 
0.459241 0.505976 
0.458783 0.505796 
0.458334 0.505615 
0.457892 0.505434 
0.457459 0.505252 
0.457033 0.505070 
0.456616 0.504887 
0.456208 0.504704 
0.455807 0.504521 
0.455415 0.504337 
0.455032 0.504153 
0.454657 0.503968 
0.454291 0.503784 
0.453933 0.503599 
0.453584 0.503414 
0.453244 0.503229 
0.452912 0.503043 
0.452589 0.502858 
0.452274 0.502673 
0.451968 0.502487 
0.451671 0.502302 
0.451382 0.502116 
0.451102 0.501931 
0.450830 0.501745 
0.450566 0.501560 
0.450311 0.501375 
0.450064 0.501190 
0.449826 0.501005 
0.449595 0.500821 
0.449372 0.500637 
0.449158 0.500452 
0.448951 0.500269 
0.448752 0.500085 
0.448560 0.499902 
0.448377 0.499719 
0.448200 0.499537 
0.448031 0.499355 
0.447869 0.499174 
0.447715 0.498993 
0.447567 0.498812 
0.447427 0.498632 
0.447293 0.498452 
0.447166 0.498273 
0.447045 0.498094 
0.446931 0.497916 
0.446824 0.497739 
0.446722 0.497562 
0.446627 0.497386 
0.446538 0.497210 
0.446454 0.497035 
0.446377 0.496861 
0.446305 0.496687 
0.446239 0.496514 
0.446178 0.496342 
0.446123 0.496170 
0.446072 0.495999 
0.446027 0.495829 
0.445988 0.495660 
0.445953 0.495491 
0.445923 0.495323 
0.445897 0.495156 
0.445877 0.494990 
0.445861 0.494824 
0.445849 0.494660 
0.445842 0.494496 
0.445839 0.494333 
0.445840 0.494170 
0.445846 0.494009 
0.445855 0.493849 
0.445869 0.493689 
0.445886 0.493530 
0.445908 0.493372 
0.445933 0.493215 
0.445961 0.493059 
0.445993 0.492904 
0.446029 0.492750 
0.446068 0.492597 
0.446111 0.492444 
0.446157 0.492293 
0.446206 0.492142 
0.446258 0.491993 
0.446314 0.491844 
0.446372 0.491696 
0.446434 0.491550 
0.446498 0.491404 
0.446566 0.491259 
0.446636 0.491115 
0.446709 0.490972 
0.446785 0.490830 
0.446864 0.490690 
0.446945 0.490550 
0.447029 0.490411 
0.447115 0.490273 
0.447204 0.490136 
0.447296 0.490000 
0.447390 0.489865 
0.447486 0.489731 
0.447585 0.489598 
0.447686 0.489467 
0.447790 0.489336 
0.447896 0.489206 
0.448004 0.489077 
0.448114 0.488950 
0.448227 0.488823 
0.448341 0.488697 
0.448458 0.488573 
0.448577 0.488449 
0.448698 0.488326 
0.448821 0.488205 
0.448946 0.488084 
0.449073 0.487965 
0.449202 0.487847 
0.449333 0.487729 
0.449467 0.487613 
0.449602 0.487498 
0.449738 0.487384 
0.449877 0.487271 
0.450018 0.487159 
0.450161 0.487048 
0.450305 0.486938 
0.450451 0.486829 
0.450599 0.486721 
0.450749 0.486614 
0.450901 0.486509 
0.451054 0.486404 
0.451210 0.486301 
0.451367 0.486198 
0.451526 0.486097 
0.451686 0.485997 
0.451848 0.485897 
0.452012 0.485799 
0.452178 0.485702 
0.452346 0.485606 
0.452515 0.485511 
0.452686 0.485417 
0.452858 0.485325 
0.453032 0.485233 
0.453208 0.485142 
0.453386 0.485053 
0.453565 0.484965 
0.453746 0.484877 
0.453929 0.484791 
0.454113 0.484706 
0.454299 0.484622 
0.454486 0.484539 
0.454676 0.484457 
0.454867 0.484376 
0.455059 0.484296 
0.455253 0.484218 
0.455449 0.484140 
0.455647 0.484064 
0.455846 0.483988 
0.456047 0.483914 
0.456250 0.483841 
0.456454 0.483769 
0.456660 0.483698 
0.456868 0.483628 
0.457077 0.483559 
0.457288 0.483491 
0.457500 0.483425 
0.457715 0.483359 
0.457931 0.483295 
0.458149 0.483232 
0.458368 0.483170 
0.458589 0.483109 
0.458812 0.483049 
0.459037 0.482990 
0.459263 0.482932 
0.459491 0.482875 
0.459721 0.482820 
0.459953 0.482765 
0.460186 0.482712 
0.460422 0.482660 
0.460659 0.482609 
0.460897 0.482559 
0.461138 0.482510 
0.461381 0.482463 
0.461625 0.482416 
0.461871 0.482370 
0.462119 0.482326 
0.462369 0.482283 
0.462620 0.482241 
0.462874 0.482200 
0.463130 0.482160 
0.463387 0.482121 
0.463646 0.482084 
0.463908 0.482047 
0.464171 0.482012 
0.464436 0.481978 
0.464703 0.481945 
0.464973 0.481913 
0.465244 0.481882 
0.465517 0.481853 
0.465792 0.481824 
0.466070 0.481797 
0.466349 0.481771 
0.466631 0.481746 
0.466915 0.481722 
0.467200 0.481700 
0.467488 0.481678 
0.467779 0.481658 
0.468071 0.481639 
0.468366 0.481621 
0.468662 0.481604 
0.468961 0.481588 
0.469263 0.481574